mid,title,year,rating,num_rating,Execution time
,,,,,42ms
